7100 5
4100 4
2100 1
125 0
225 1
125 0
225 1
050 0
450 3
050 2
250 3
450 4
250 1
125 0
225 1
125 0
225 1
050 0
750 5
750 5
450 4
450 4
250 3
125 2
225 3
125 2
225 3
050 1
450 3
050 0
250 1
450 2
250 1
150 0
050 0
5100 3
550 3
550 3
5100 4
550 4
550 4
5100 3
750 5
750 5
5100 2
425 1
525 2
450 1
7100 4
4100 2
2100 1
125 0
225 1
125 0
225 1
050 0
450 3
050 0
250 1
450 2
250 1
150 0
050 0
5100 3
550 3
550 3
5100 4
550 4
550 4
5100 3
750 5
750 5
5100 2
425 1
525 2
450 1
7100 4
4100 2
2100 1
125 0
225 1
125 0
225 1
050 0
450 3
050 0
250 1
450 2
250 1
150 0
050 0